524288
16384
32768
131072
524288
1
131072
524288
256
16
2048
2048
131072
65536
256
128
32
1048576
131072
64
65536
512
32
2048
4
262144
4096
16
32768
65536
2
16
128
4
4
128
524288
1024
256
524288
256
32768
1
128
1024
1
2048
4
32768
524288
1024
8
1
256
262144
64
262144
524288
1048576
32
256
524288
512
256
262144
65536
64
131072
64
8
4096
65536
64
262144
1
8192
1
32768
128
4096
4096
128
2
16
1048576
131072
8
64
4096
16
1
524288
524288
2048
8
8
2048
8192
32768
4
4
4
8
1048576
16384
8192
16
1048576
8
512
256
65536
4
64
1
1024
4
64
2048
2048
1
8192
32768
262144
128
32
64
64
256
4
1024
131072
16384
32768
262144
1024
2048
512
1024
256
16
8192
32768
65536
65536
65536
2048
32
1024
4
4096
64
256
8192
16
64
4
1024
131072
1048576
16
2048
16
65536
262144
1
4096
16384
16384
32768
32
64
65536
2
128
1048576
8192
16384
2
16384
131072
131072
4096
32
32768
256
1024
32
64
256
64
8192
1048576
8
2
128
4
2
16384
32
65536
524288
2048
8
1
32
4
32
256
65536
8192
1048576
4096
65536
16384
16384
8
512
32768
16
524288
128
262144
1024
4096
32
1
1
1
16
512
64
131072
8
131072
1024
65536
131072
2
64
2048
32768
131072
4
128
16384
32
1
1
2048
2048
16384
32768
65536
16
1048576
8192
262144
8
16
16
2048
65536
2
512
4
2
262144
512
32
65536
1024
16
64
16
1024
32
32768
8192
65536
2048
512
512
2
512
1
2
512
262144
32
8192
64
2048
32768
1024
524288
16
32
256
512
512
262144
1024
1
1024
1024
16384
512
16384
4096
16
262144
1024
32768
1048576
2
256
1024
65536
131072
1048576
256
512
2048
1024
32
4096
512
524288
32768
8
32
131072
4
256
524288
16384
131072
65536
16384
64
65536
64
16384
8192
64
8192
256
8192
32768
4
262144
2
1
8192
2048
1048576
4096
65536
128
2
4096
128
8192
131072
4096
524288
128
262144
8192
8
524288
2
16384
4096
64
2
2
2048
2048
524288
1048576
16384
128
128
16384
64
524288
32768
2
131072
8
64
8192
16
256
512
512
131072
262144
16384
8
32768
2048
131072
16
256
8192
32
1
2
8192
1048576
524288
4096
2
1
131072
16384
131072
512
1024
1
32
262144
8
16
4
128
256
131072
65536
262144
2048
64
524288
4096
8
2048
262144
4096
65536
8
262144
1024
524288
16
4
1048576
256
2048
131072
4
8192
512
524288
2
8192
256
4096
2
2
512
32768
16
1
16
32
8192
16384
16384
64
262144
1
262144
32
1024
1
524288
131072
32768
8192
262144
4
65536
64
4
8
1024
65536
1024
16384
32
1024
16384
2
32768
256
8
131072
256
65536
16
4096
16384
4096
65536
1
128
524288
128
524288
1048576
1048576
262144
8
1
256
32768
8192
8192
4
1048576
1048576
32
8
2
8
65536
131072
16
262144
524288
8192
16384
256
256
1048576
512
16
32768
8192
131072
128
1024
128
4
512
8192
1024
1048576
128
2
2048
128
512
4096
32768
32
1048576
262144
32
4
512
128
4096
4096
32
4096
32768
524288
524288
8
1048576
4
512
128
2
4
64
4096
1024
262144
4
4096
16
262144
32768
2
512
2048
4096
8
4096
8
1048576
2048
128
32
1048576
2048
1048576
32
1
512
1048576
32768
128
16384
1048576
64
524288
1
131072
128
128
8
2
2
16384
1048576
4
262144
8
16
128
256
512
1
8
